[
    [
        1.0,
        6.123233995736765e-17,
        -1.0605752387249069e-16,
        -4.2423009548996277e-16,
        -1.2246467991473532e-16,
        0.49999999999999994,
        -0.8660254037844387,
        -3.464101615137755,
        0.0,
        0.8660254037844387,
        0.49999999999999994,
        1.9999999999999998,
        0.0,
        0.0,
        0.0,
        1.0
    ],
    [
        0.9876883405951377,
        0.07821723252011548,
        -0.1354762207522687,
        -0.5419048830090748,
        -0.15643446504023098,
        0.4938441702975688,
        -0.8553631939770863,
        -3.421452775908345,
        0.0,
        0.8660254037844387,
        0.49999999999999994,
        1.9999999999999998,
        0.0,
        0.0,
        0.0,
        1.0
    ],
    [
        0.9510565162951535,
        0.15450849718747373,
        -0.26761656732981753,
        -1.0704662693192701,
        -0.3090169943749475,
        0.4755282581475767,
        -0.823639103546332,
        -3.294556414185328,
        0.0,
        0.8660254037844387,
        0.49999999999999994,
        1.9999999999999998,
        0.0,
        0.0,
        0.0,
        1.0
    ],
    [
        0.8910065241883678,
        0.2269952498697734,
        -0.3931673058512402,
        -1.5726692234049608,
        -0.45399049973954686,
        0.44550326209418384,
        -0.7716342848848005,
        -3.086537139539202,
        0.0,
        0.8660254037844387,
        0.49999999999999994,
        1.9999999999999998,
        0.0,
        0.0,
        0.0,
        1.0
    ],
    [
        0.8090169943749473,
        0.29389262614623657,
        -0.5090369604551274,
        -2.0361478418205095,
        -0.5877852522924732,
        0.4045084971874736,
        -0.7006292692220367,
        -2.802517076888147,
        0.0,
        0.8660254037844387,
        0.49999999999999994,
        1.9999999999999998,
        0.0,
        0.0,
        0.0,
        1.0
    ],
    [
        0.7071067811865475,
        0.35355339059327373,
        -0.6123724356957946,
        -2.4494897427831783,
        -0.7071067811865476,
        0.3535533905932737,
        -0.6123724356957945,
        -2.449489742783178,
        0.0,
        0.8660254037844387,
        0.49999999999999994,
        1.9999999999999998,
        0.0,
        0.0,
        0.0,
        1.0
    ],
    [
        0.587785252292473,
        0.40450849718747367,
        -0.7006292692220368,
        -2.8025170768881473,
        -0.8090169943749475,
        0.29389262614623646,
        -0.5090369604551271,
        -2.0361478418205086,
        0.0,
        0.8660254037844387,
        0.49999999999999994,
        1.9999999999999998,
        0.0,
        0.0,
        0.0,
        1.0
    ],
    [
        0.4539904997395467,
        0.4455032620941839,
        -0.7716342848848006,
        -3.0865371395392023,
        -0.8910065241883679,
        0.22699524986977332,
        -0.39316730585124005,
        -1.5726692234049602,
        0.0,
        0.8660254037844387,
        0.49999999999999994,
        1.9999999999999998,
        0.0,
        0.0,
        0.0,
        1.0
    ],
    [
        0.30901699437494734,
        0.47552825814757677,
        -0.8236391035463321,
        -3.2945564141853283,
        -0.9510565162951536,
        0.15450849718747364,
        -0.26761656732981737,
        -1.0704662693192695,
        0.0,
        0.8660254037844387,
        0.49999999999999994,
        1.9999999999999998,
        0.0,
        0.0,
        0.0,
        1.0
    ],
    [
        0.15643446504023104,
        0.4938441702975688,
        -0.8553631939770863,
        -3.421452775908345,
        -0.9876883405951377,
        0.0782172325201155,
        -0.13547622075226876,
        -0.541904883009075,
        0.0,
        0.8660254037844387,
        0.49999999999999994,
        1.9999999999999998,
        0.0,
        0.0,
        0.0,
        1.0
    ],
    [
        -6.123233995736766e-17,
        0.49999999999999994,
        -0.8660254037844387,
        -3.464101615137755,
        -1.0,
        -3.0616169978683824e-17,
        5.3028761936245346e-17,
        2.1211504774498138e-16,
        0.0,
        0.8660254037844387,
        0.49999999999999994,
        1.9999999999999998,
        0.0,
        0.0,
        0.0,
        1.0
    ],
    [
        -0.15643446504023092,
        0.49384417029756883,
        -0.8553631939770864,
        -3.4214527759083455,
        -0.9876883405951378,
        -0.07821723252011545,
        0.13547622075226864,
        0.5419048830090746,
        0.0,
        0.8660254037844387,
        0.49999999999999994,
        1.9999999999999998,
        0.0,
        0.0,
        0.0,
        1.0
    ],
    [
        -0.30901699437494745,
        0.4755282581475767,
        -0.823639103546332,
        -3.294556414185328,
        -0.9510565162951535,
        -0.1545084971874737,
        0.2676165673298175,
        1.07046626931927,
        0.0,
        0.8660254037844387,
        0.49999999999999994,
        1.9999999999999998,
        0.0,
        0.0,
        0.0,
        1.0
    ],
    [
        -0.4539904997395468,
        0.44550326209418384,
        -0.7716342848848005,
        -3.086537139539202,
        -0.8910065241883678,
        -0.22699524986977337,
        0.39316730585124016,
        1.5726692234049606,
        0.0,
        0.8660254037844387,
        0.49999999999999994,
        1.9999999999999998,
        0.0,
        0.0,
        0.0,
        1.0
    ],
    [
        -0.5877852522924731,
        0.40450849718747367,
        -0.7006292692220368,
        -2.8025170768881473,
        -0.8090169943749475,
        -0.2938926261462365,
        0.5090369604551273,
        2.036147841820509,
        0.0,
        0.8660254037844387,
        0.49999999999999994,
        1.9999999999999998,
        0.0,
        0.0,
        0.0,
        1.0
    ],
    [
        -0.7071067811865476,
        0.3535533905932737,
        -0.6123724356957945,
        -2.449489742783178,
        -0.7071067811865475,
        -0.35355339059327373,
        0.6123724356957946,
        2.4494897427831783,
        0.0,
        0.8660254037844387,
        0.49999999999999994,
        1.9999999999999998,
        0.0,
        0.0,
        0.0,
        1.0
    ],
    [
        -0.8090169943749475,
        0.2938926261462365,
        -0.5090369604551273,
        -2.036147841820509,
        -0.5877852522924731,
        -0.40450849718747367,
        0.7006292692220368,
        2.8025170768881473,
        0.0,
        0.8660254037844387,
        0.49999999999999994,
        1.9999999999999998,
        0.0,
        0.0,
        0.0,
        1.0
    ],
    [
        -0.8910065241883679,
        0.22699524986977335,
        -0.3931673058512401,
        -1.5726692234049604,
        -0.45399049973954675,
        -0.4455032620941839,
        0.7716342848848006,
        3.0865371395392023,
        0.0,
        0.8660254037844387,
        0.49999999999999994,
        1.9999999999999998,
        0.0,
        0.0,
        0.0,
        1.0
    ],
    [
        -0.9510565162951535,
        0.15450849718747367,
        -0.2676165673298174,
        -1.0704662693192697,
        -0.3090169943749474,
        -0.4755282581475767,
        0.823639103546332,
        3.294556414185328,
        0.0,
        0.8660254037844387,
        0.49999999999999994,
        1.9999999999999998,
        0.0,
        0.0,
        0.0,
        1.0
    ],
    [
        -0.9876883405951378,
        0.07821723252011542,
        -0.1354762207522686,
        -0.5419048830090744,
        -0.15643446504023087,
        -0.49384417029756883,
        0.8553631939770864,
        3.4214527759083455,
        0.0,
        0.8660254037844387,
        0.49999999999999994,
        1.9999999999999998,
        0.0,
        0.0,
        0.0,
        1.0
    ],
    [
        -1.0,
        0.0,
        0.0,
        0.0,
        0.0,
        -0.49999999999999994,
        0.8660254037844387,
        3.464101615137755,
        0.0,
        0.8660254037844387,
        0.49999999999999994,
        1.9999999999999998,
        0.0,
        0.0,
        0.0,
        1.0
    ],
    [
        -0.9876883405951378,
        -0.07821723252011542,
        0.1354762207522686,
        0.5419048830090744,
        0.15643446504023087,
        -0.49384417029756883,
        0.8553631939770864,
        3.4214527759083455,
        0.0,
        0.8660254037844387,
        0.49999999999999994,
        1.9999999999999998,
        0.0,
        0.0,
        0.0,
        1.0
    ],
    [
        -0.9510565162951535,
        -0.15450849718747367,
        0.2676165673298174,
        1.0704662693192697,
        0.3090169943749474,
        -0.4755282581475767,
        0.823639103546332,
        3.294556414185328,
        0.0,
        0.8660254037844387,
        0.49999999999999994,
        1.9999999999999998,
        0.0,
        0.0,
        0.0,
        1.0
    ],
    [
        -0.8910065241883679,
        -0.22699524986977335,
        0.3931673058512401,
        1.5726692234049604,
        0.45399049973954675,
        -0.4455032620941839,
        0.7716342848848006,
        3.0865371395392023,
        0.0,
        0.8660254037844387,
        0.49999999999999994,
        1.9999999999999998,
        0.0,
        0.0,
        0.0,
        1.0
    ],
    [
        -0.8090169943749475,
        -0.2938926261462365,
        0.5090369604551273,
        2.036147841820509,
        0.5877852522924731,
        -0.40450849718747367,
        0.7006292692220368,
        2.8025170768881473,
        0.0,
        0.8660254037844387,
        0.49999999999999994,
        1.9999999999999998,
        0.0,
        0.0,
        0.0,
        1.0
    ],
    [
        -0.7071067811865476,
        -0.3535533905932737,
        0.6123724356957945,
        2.449489742783178,
        0.7071067811865475,
        -0.35355339059327373,
        0.6123724356957946,
        2.4494897427831783,
        0.0,
        0.8660254037844387,
        0.49999999999999994,
        1.9999999999999998,
        0.0,
        0.0,
        0.0,
        1.0
    ],
    [
        -0.5877852522924731,
        -0.40450849718747367,
        0.7006292692220368,
        2.8025170768881473,
        0.8090169943749475,
        -0.2938926261462365,
        0.5090369604551273,
        2.036147841820509,
        0.0,
        0.8660254037844387,
        0.49999999999999994,
        1.9999999999999998,
        0.0,
        0.0,
        0.0,
        1.0
    ],
    [
        -0.4539904997395468,
        -0.44550326209418384,
        0.7716342848848005,
        3.086537139539202,
        0.8910065241883678,
        -0.22699524986977337,
        0.39316730585124016,
        1.5726692234049606,
        0.0,
        0.8660254037844387,
        0.49999999999999994,
        1.9999999999999998,
        0.0,
        0.0,
        0.0,
        1.0
    ],
    [
        -0.30901699437494745,
        -0.4755282581475767,
        0.823639103546332,
        3.294556414185328,
        0.9510565162951535,
        -0.1545084971874737,
        0.2676165673298175,
        1.07046626931927,
        0.0,
        0.8660254037844387,
        0.49999999999999994,
        1.9999999999999998,
        0.0,
        0.0,
        0.0,
        1.0
    ],
    [
        -0.15643446504023092,
        -0.49384417029756883,
        0.8553631939770864,
        3.4214527759083455,
        0.9876883405951378,
        -0.07821723252011545,
        0.13547622075226864,
        0.5419048830090746,
        0.0,
        0.8660254037844387,
        0.49999999999999994,
        1.9999999999999998,
        0.0,
        0.0,
        0.0,
        1.0
    ],
    [
        -6.123233995736766e-17,
        -0.49999999999999994,
        0.8660254037844387,
        3.464101615137755,
        1.0,
        -3.0616169978683824e-17,
        5.3028761936245346e-17,
        2.1211504774498138e-16,
        0.0,
        0.8660254037844387,
        0.49999999999999994,
        1.9999999999999998,
        0.0,
        0.0,
        0.0,
        1.0
    ],
    [
        0.15643446504023104,
        -0.4938441702975688,
        0.8553631939770863,
        3.421452775908345,
        0.9876883405951377,
        0.0782172325201155,
        -0.13547622075226876,
        -0.541904883009075,
        0.0,
        0.8660254037844387,
        0.49999999999999994,
        1.9999999999999998,
        0.0,
        0.0,
        0.0,
        1.0
    ],
    [
        0.30901699437494734,
        -0.47552825814757677,
        0.8236391035463321,
        3.2945564141853283,
        0.9510565162951536,
        0.15450849718747364,
        -0.26761656732981737,
        -1.0704662693192695,
        0.0,
        0.8660254037844387,
        0.49999999999999994,
        1.9999999999999998,
        0.0,
        0.0,
        0.0,
        1.0
    ],
    [
        0.4539904997395467,
        -0.4455032620941839,
        0.7716342848848006,
        3.0865371395392023,
        0.8910065241883679,
        0.22699524986977332,
        -0.39316730585124005,
        -1.5726692234049602,
        0.0,
        0.8660254037844387,
        0.49999999999999994,
        1.9999999999999998,
        0.0,
        0.0,
        0.0,
        1.0
    ],
    [
        0.587785252292473,
        -0.40450849718747367,
        0.7006292692220368,
        2.8025170768881473,
        0.8090169943749475,
        0.29389262614623646,
        -0.5090369604551271,
        -2.0361478418205086,
        0.0,
        0.8660254037844387,
        0.49999999999999994,
        1.9999999999999998,
        0.0,
        0.0,
        0.0,
        1.0
    ],
    [
        0.7071067811865475,
        -0.35355339059327373,
        0.6123724356957946,
        2.4494897427831783,
        0.7071067811865476,
        0.3535533905932737,
        -0.6123724356957945,
        -2.449489742783178,
        0.0,
        0.8660254037844387,
        0.49999999999999994,
        1.9999999999999998,
        0.0,
        0.0,
        0.0,
        1.0
    ],
    [
        0.8090169943749473,
        -0.29389262614623657,
        0.5090369604551274,
        2.0361478418205095,
        0.5877852522924732,
        0.4045084971874736,
        -0.7006292692220367,
        -2.802517076888147,
        0.0,
        0.8660254037844387,
        0.49999999999999994,
        1.9999999999999998,
        0.0,
        0.0,
        0.0,
        1.0
    ],
    [
        0.8910065241883678,
        -0.2269952498697734,
        0.3931673058512402,
        1.5726692234049608,
        0.45399049973954686,
        0.44550326209418384,
        -0.7716342848848005,
        -3.086537139539202,
        0.0,
        0.8660254037844387,
        0.49999999999999994,
        1.9999999999999998,
        0.0,
        0.0,
        0.0,
        1.0
    ],
    [
        0.9510565162951535,
        -0.15450849718747373,
        0.26761656732981753,
        1.0704662693192701,
        0.3090169943749475,
        0.4755282581475767,
        -0.823639103546332,
        -3.294556414185328,
        0.0,
        0.8660254037844387,
        0.49999999999999994,
        1.9999999999999998,
        0.0,
        0.0,
        0.0,
        1.0
    ],
    [
        0.9876883405951377,
        -0.07821723252011548,
        0.1354762207522687,
        0.5419048830090748,
        0.15643446504023098,
        0.4938441702975688,
        -0.8553631939770863,
        -3.421452775908345,
        0.0,
        0.8660254037844387,
        0.49999999999999994,
        1.9999999999999998,
        0.0,
        0.0,
        0.0,
        1.0
    ]
]