[
    [
        0.9958297610282898,
        -3.7973266444168985e-05,
        0.09123098105192184,
        0.3945125639438629,
        3.813246075878851e-05,
        1.0,
        -1.8652861477619354e-09,
        -9.685754420729609e-09,
        -0.09123098105192184,
        3.480719215076533e-06,
        0.9958297610282898,
        0.0,
        0.0,
        0.0,
        0.0,
        1.0
    ],
    [
        0.9958710074424744,
        0.0002458376984577626,
        0.09077951312065125,
        0.3923513889312744,
        3.7943893403280526e-05,
        0.9999951124191284,
        -0.0031243141274899244,
        -0.013503366149961948,
        -0.09077984094619751,
        0.0031148584093898535,
        0.9958661198616028,
        -0.002134327543899417,
        0.0,
        0.0,
        0.0,
        1.0
    ],
    [
        0.996001124382019,
        0.0005183467292226851,
        0.08933943510055542,
        0.38589149713516235,
        3.734245910891332e-05,
        0.9999806880950928,
        -0.006218192633241415,
        -0.026858778670430183,
        -0.0893409252166748,
        0.006196663249284029,
        0.9959818124771118,
        -0.004262804985046387,
        0.0,
        0.0,
        0.0,
        1.0
    ],
    [
        0.9962146282196045,
        0.0007677439134567976,
        0.08692441135644913,
        0.3752037286758423,
        3.633382584666833e-05,
        0.9999572038650513,
        -0.009248349815607071,
        -0.03991992026567459,
        -0.08692779392004013,
        0.009216499514877796,
        0.9961719512939453,
        -0.006379598286002874,
        0.0,
        0.0,
        0.0,
        1.0
    ],
    [
        0.9965023994445801,
        0.0009831752395257354,
        0.08355827629566193,
        0.3604051470756531,
        3.4927859815070406e-05,
        0.9999257922172546,
        -0.01218201220035553,
        -0.05254368856549263,
        -0.08356405049562454,
        0.012142322957515717,
        0.9964284300804138,
        -0.008478905074298382,
        0.0,
        0.0,
        0.0,
        1.0
    ],
    [
        0.9968520998954773,
        0.0011552064679563046,
        0.07927488535642624,
        0.3416579067707062,
        3.31385999743361e-05,
        0.9998877048492432,
        -0.014987231232225895,
        -0.06459178030490875,
        -0.07928329706192017,
        0.014942679554224014,
        0.9967401027679443,
        -0.010554973036050797,
        0.0,
        0.0,
        0.0,
        1.0
    ],
    [
        0.997248649597168,
        0.001276236493140459,
        0.0741179883480072,
        0.3191673755645752,
        3.0984207114670426e-05,
        0.9998445510864258,
        -0.017633195966482162,
        -0.07593218982219696,
        -0.07412897050380707,
        0.017586978152394295,
        0.9970935583114624,
        -0.012602109462022781,
        0.0,
        0.0,
        0.0,
        1.0
    ],
    [
        0.997674822807312,
        0.0013408414088189602,
        0.06814099103212357,
        0.2931799590587616,
        2.8486883820733055e-05,
        0.9997981786727905,
        -0.02009057067334652,
        -0.08644066751003265,
        -0.06815417855978012,
        0.020045798271894455,
        0.997473418712616,
        -0.014614704996347427,
        0.0,
        0.0,
        0.0,
        1.0
    ],
    [
        0.99811190366745,
        0.0013460327172651887,
        0.061406612396240234,
        0.2639804184436798,
        2.5672718038549647e-05,
        0.9997506141662598,
        -0.02233181893825531,
        -0.09600208699703217,
        -0.06142135709524155,
        0.02229123003780842,
        0.9978629946708679,
        -0.016587242484092712,
        0.0,
        0.0,
        0.0,
        1.0
    ],
    [
        0.9985408186912537,
        0.0012914163526147604,
        0.05398640036582947,
        0.23188866674900055,
        2.257153028040193e-05,
        0.9997039437294006,
        -0.02433154731988907,
        -0.10451168566942215,
        -0.05400184169411659,
        0.024297261610627174,
        0.9982451796531677,
        -0.01851431466639042,
        0.0,
        0.0,
        0.0,
        1.0
    ],
    [
        0.9989425539970398,
        0.001179240643978119,
        0.04596015438437462,
        0.19725628197193146,
        1.9216611690353602e-05,
        0.9996601939201355,
        -0.026066847145557404,
        -0.1118762344121933,
        -0.045975275337696075,
        0.02604016661643982,
        0.998603105545044,
        -0.020390640944242477,
        0.0,
        0.0,
        0.0,
        1.0
    ],
    [
        0.9992992877960205,
        0.001014326000586152,
        0.037415146827697754,
        0.16046270728111267,
        1.564441845403053e-05,
        0.9996213316917419,
        -0.027517609298229218,
        -0.11801504343748093,
        -0.03742888942360878,
        0.027498912066221237,
        0.9989208579063416,
        -0.02221107855439186,
        0.0,
        0.0,
        0.0,
        1.0
    ],
    [
        0.999595046043396,
        0.0008038756204769015,
        0.028445227071642876,
        0.12191108614206314,
        1.1894197996298317e-05,
        0.9995890259742737,
        -0.02866683527827263,
        -0.1228608563542366,
        -0.028456581756472588,
        0.028655564412474632,
        0.9991841912269592,
        -0.02397063560783863,
        0.0,
        0.0,
        0.0,
        1.0
    ],
    [
        0.9998164772987366,
        0.0005571717047132552,
        0.019149763509631157,
        0.08202377706766129,
        8.007548785826657e-06,
        0.9995647668838501,
        -0.029500901699066162,
        -0.12636058032512665,
        -0.01915786601603031,
        0.029495639726519585,
        0.9993813037872314,
        -0.025664493441581726,
        0.0,
        0.0,
        0.0,
        1.0
    ],
    [
        0.99995356798172,
        0.00028516852762550116,
        0.00963245052844286,
        0.04123779386281967,
        4.027906925330171e-06,
        0.9995496273040771,
        -0.030009789392352104,
        -0.1284758746623993,
        -0.009636670351028442,
        0.030008435249328613,
        0.9995031952857971,
        -0.027288004755973816,
        0.0,
        0.0,
        0.0,
        1.0
    ],
    [
        1.0,
        1.6812091813440538e-19,
        5.644924518342564e-18,
        1.4901161415892261e-09,
        2.3604949813941362e-21,
        0.9995442628860474,
        -0.03018725849688053,
        -0.1291835457086563,
        -5.647427153285843e-18,
        0.03018725849688053,
        0.9995442628860474,
        -0.028836721554398537,
        0.0,
        0.0,
        0.0,
        1.0
    ],
    [
        0.9999535083770752,
        -0.00028557388577610254,
        -0.009639243595302105,
        -0.04123779013752937,
        -4.0307500057679135e-06,
        0.9995489716529846,
        -0.030030952766537666,
        -0.1284758746623993,
        0.00964347179979086,
        0.030029594898223877,
        0.9995024800300598,
        -0.03030639886856079,
        0.0,
        0.0,
        0.0,
        1.0
    ],
    [
        0.9998159408569336,
        -0.0005587544292211533,
        -0.01917673833668232,
        -0.08202376961708069,
        -8.018837434065063e-06,
        0.9995635151863098,
        -0.029542455449700356,
        -0.12636058032512665,
        0.01918487437069416,
        0.029537171125411987,
        0.999379575252533,
        -0.03169300779700279,
        0.0,
        0.0,
        0.0,
        1.0
    ],
    [
        0.9995933175086975,
        -0.0008072945638559759,
        -0.02850518375635147,
        -0.12191108614206314,
        -1.1919289136130828e-05,
        0.9995872974395752,
        -0.02872725948691368,
        -0.1228608563542366,
        0.028516611084342003,
        0.028715915977954865,
        0.9991807341575623,
        -0.03299275040626526,
        0.0,
        0.0,
        0.0,
        1.0
    ],
    [
        0.9992953538894653,
        -0.0010200617834925652,
        -0.03751993551850319,
        -0.16046270728111267,
        -1.5688267012592405e-05,
        0.99961918592453,
        -0.027594678103923798,
        -0.11801504343748093,
        0.037533797323703766,
        0.027575822547078133,
        0.9989147782325745,
        -0.03420206159353256,
        0.0,
        0.0,
        0.0,
        1.0
    ],
    [
        0.9989351630210876,
        -0.0011875447817146778,
        -0.046120334416627884,
        -0.19725628197193146,
        -1.9283628716948442e-05,
        0.9996578097343445,
        -0.026157693937420845,
        -0.1118762344121933,
        0.046135615557432175,
        0.026130730286240578,
        0.9985933303833008,
        -0.03531762585043907,
        0.0,
        0.0,
        0.0,
        1.0
    ],
    [
        0.9985286593437195,
        -0.0013022786006331444,
        -0.05421093478798866,
        -0.23188866674900055,
        -2.2665462893201038e-05,
        0.9997014999389648,
        -0.024432744830846786,
        -0.10451168566942215,
        0.05422656983137131,
        0.02439802512526512,
        0.998230516910553,
        -0.03633638843894005,
        0.0,
        0.0,
        0.0,
        1.0
    ],
    [
        0.9980936646461487,
        -0.0013591692550107837,
        -0.061702631413936615,
        -0.2639804184436798,
        -2.5796538466238417e-05,
        0.9997482299804688,
        -0.022439472377300262,
        -0.09600208699703217,
        0.06171759217977524,
        0.022398285567760468,
        0.9978423118591309,
        -0.037255555391311646,
        0.0,
        0.0,
        0.0,
        1.0
    ],
    [
        0.9976492524147034,
        -0.001355704851448536,
        -0.06851358711719513,
        -0.2931799590587616,
        -2.864271118596662e-05,
        0.9997959733009338,
        -0.020200425758957863,
        -0.08644066751003265,
        0.068526990711689,
        0.020154902711510658,
        0.9974456429481506,
        -0.0380726084113121,
        0.0,
        0.0,
        0.0,
        1.0
    ],
    [
        0.9972149133682251,
        -0.0012920460430905223,
        -0.07457007467746735,
        -0.3191673457622528,
        -3.1173254683380947e-05,
        0.999842643737793,
        -0.017740750685334206,
        -0.07593218982219696,
        0.07458125799894333,
        0.017693666741251945,
        0.9970579743385315,
        -0.03878530487418175,
        0.0,
        0.0,
        0.0,
        1.0
    ],
    [
        0.9968096613883972,
        -0.0011709965765476227,
        -0.07980711758136749,
        -0.3416579067707062,
        -3.33611351379659e-05,
        0.999886155128479,
        -0.015087852254509926,
        -0.06459178030490875,
        0.07981570065021515,
        0.015042378567159176,
        0.9966961145401001,
        -0.039391692727804184,
        0.0,
        0.0,
        0.0,
        1.0
    ],
    [
        0.9964510202407837,
        -0.0009978597518056631,
        -0.08416903764009476,
        -0.3604051470756531,
        -3.5183194995624945e-05,
        0.9999247193336487,
        -0.012271055020391941,
        -0.05254368856549263,
        0.08417494595050812,
        0.01223046611994505,
        0.9963759183883667,
        -0.0398901142179966,
        0.0,
        0.0,
        0.0,
        1.0
    ],
    [
        0.9961545467376709,
        -0.000780189351644367,
        -0.08760981261730194,
        -0.3752037286758423,
        -3.6620342143578455e-05,
        0.9999565482139587,
        -0.009321273304522038,
        -0.03991992026567459,
        0.08761327713727951,
        0.009288636967539787,
        0.996111273765564,
        -0.04027919843792915,
        0.0,
        0.0,
        0.0,
        1.0
    ],
    [
        0.9959331750869751,
        -0.0005274519789963961,
        -0.09009340405464172,
        -0.38589149713516235,
        -3.765761721297167e-05,
        0.9999803304672241,
        -0.006270670797675848,
        -0.026858778670430183,
        0.09009493887424469,
        0.006248561665415764,
        0.995913565158844,
        -0.04055787995457649,
        0.0,
        0.0,
        0.0,
        1.0
    ],
    [
        0.9957963824272156,
        -0.00025061346241272986,
        -0.09159394353628159,
        -0.392351359128952,
        -3.828430635621771e-05,
        0.9999950528144836,
        -0.003152343677356839,
        -0.013503366149961948,
        0.09159427881240845,
        0.0031425992492586374,
        0.9957914352416992,
        -0.04072539135813713,
        0.0,
        0.0,
        0.0,
        1.0
    ],
    [
        0.9957501292228699,
        3.833018854493275e-05,
        -0.09209585189819336,
        -0.3945125639438629,
        -3.8493955798912793e-05,
        1.0,
        -1.8651371558320307e-09,
        -9.609367523921719e-09,
        0.09209585189819336,
        3.5469906833895948e-06,
        0.9957501292228699,
        -0.040781281888484955,
        0.0,
        0.0,
        0.0,
        1.0
    ],
    [
        0.9957963824272156,
        0.0003268603468313813,
        -0.09159394353628159,
        -0.392351359128952,
        -3.828440821962431e-05,
        0.9999950528144836,
        0.0031523399520665407,
        0.013503347523510456,
        0.09159451723098755,
        -0.003135582199320197,
        0.9957914352416992,
        -0.04072539135813713,
        0.0,
        0.0,
        0.0,
        1.0
    ],
    [
        0.9959331154823303,
        0.0006024622125551105,
        -0.09009340405464172,
        -0.38589149713516235,
        -3.765781730180606e-05,
        0.9999803304672241,
        0.0062706670723855495,
        0.026858758181333542,
        0.0900954082608223,
        -0.006241772323846817,
        0.995913565158844,
        -0.040557876229286194,
        0.0,
        0.0,
        0.0,
        1.0
    ],
    [
        0.9961544871330261,
        0.0008531514904461801,
        -0.08760981261730194,
        -0.3752037286758423,
        -3.662062590592541e-05,
        0.9999565482139587,
        0.009321269579231739,
        0.0399198979139328,
        0.08761395514011383,
        -0.009282216429710388,
        0.996111273765564,
        -0.04027919843792915,
        0.0,
        0.0,
        0.0,
        1.0
    ],
    [
        0.9964509010314941,
        0.0010679817060008645,
        -0.08416903764009476,
        -0.3604051470756531,
        -3.518355515552685e-05,
        0.9999247193336487,
        0.012271051295101643,
        0.05254366993904114,
        0.08417580276727676,
        -0.012224539183080196,
        0.9963759183883667,
        -0.0398901142179966,
        0.0,
        0.0,
        0.0,
        1.0
    ],
    [
        0.9968095421791077,
        0.001237513730302453,
        -0.07980711758136749,
        -0.3416579067707062,
        -3.336155350552872e-05,
        0.999886155128479,
        0.015087848529219627,
        0.06459175795316696,
        0.07981670647859573,
        -0.015037048608064651,
        0.9966961145401001,
        -0.039391692727804184,
        0.0,
        0.0,
        0.0,
        1.0
    ],
    [
        0.9972148537635803,
        0.0013542288215830922,
        -0.07457007467746735,
        -0.3191673457622528,
        -3.117371670668945e-05,
        0.999842643737793,
        0.017740746960043907,
        0.07593216747045517,
        0.07458236068487167,
        -0.017689011991024017,
        0.9970579743385315,
        -0.03878530487418175,
        0.0,
        0.0,
        0.0,
        1.0
    ],
    [
        0.9976491928100586,
        0.001412867452017963,
        -0.06851358711719513,
        -0.2931799590587616,
        -2.8643193218158558e-05,
        0.9997959733009338,
        0.020200422033667564,
        0.08644065260887146,
        0.06852814555168152,
        -0.02015097253024578,
        0.9974456429481506,
        -0.0380726084113121,
        0.0,
        0.0,
        0.0,
        1.0
    ],
    [
        0.9980936050415039,
        0.001410677214153111,
        -0.061702631413936615,
        -0.2639804184436798,
        -2.5797020498430356e-05,
        0.9997482299804688,
        0.022439468652009964,
        0.09600207209587097,
        0.06171874701976776,
        -0.022395096719264984,
        0.9978423118591309,
        -0.037255555391311646,
        0.0,
        0.0,
        0.0,
        1.0
    ],
    [
        0.9985285997390747,
        0.0013475565938279033,
        -0.05421093478798866,
        -0.23188866674900055,
        -2.266592491650954e-05,
        0.9997014999389648,
        0.024432741105556488,
        0.10451167076826096,
        0.05422767624258995,
        -0.02439556084573269,
        0.998230516910553,
        -0.03633638843894005,
        0.0,
        0.0,
        0.0,
        1.0
    ],
    [
        0.9989351630210876,
        0.00122608442325145,
        -0.046120334416627884,
        -0.19725628197193146,
        -1.9284050722490065e-05,
        0.9996578097343445,
        0.026157690212130547,
        0.1118762195110321,
        0.04613662511110306,
        -0.026128945872187614,
        0.9985933303833008,
        -0.03531762585043907,
        0.0,
        0.0,
        0.0,
        1.0
    ],
    [
        0.9992953538894653,
        0.001051428378559649,
        -0.03751993551850319,
        -0.16046270728111267,
        -1.568862899148371e-05,
        0.99961918592453,
        0.0275946743786335,
        0.11801502853631973,
        0.03753466159105301,
        -0.02757464163005352,
        0.9989147782325745,
        -0.03420206159353256,
        0.0,
        0.0,
        0.0,
        1.0
    ],
    [
        0.9995933175086975,
        0.0008311334531754255,
        -0.02850518375635147,
        -0.12191108614206314,
        -1.1919575626961887e-05,
        0.9995872974395752,
        0.028727255761623383,
        0.12286083400249481,
        0.02851729653775692,
        -0.028715232387185097,
        0.999180793762207,
        -0.03299275040626526,
        0.0,
        0.0,
        0.0,
        1.0
    ],
    [
        0.9998159408569336,
        0.0005747962859459221,
        -0.01917673833668232,
        -0.08202376961708069,
        -8.019035703910049e-06,
        0.9995635151863098,
        0.029542451724410057,
        0.12636056542396545,
        0.019185347482562065,
        -0.029536860063672066,
        0.999379575252533,
        -0.03169300779700279,
        0.0,
        0.0,
        0.0,
        1.0
    ],
    [
        0.9999535083770752,
        0.0002936387318186462,
        -0.009639243595302105,
        -0.04123779013752937,
        -4.030851414427161e-06,
        0.9995489716529846,
        0.030030949041247368,
        0.1284758448600769,
        0.00964371394366026,
        -0.03002951294183731,
        0.9995024800300598,
        -0.03030639886856079,
        0.0,
        0.0,
        0.0,
        1.0
    ],
    [
        1.0,
        5.185322807480671e-19,
        -1.6934774382208305e-17,
        1.4901160305669237e-09,
        -7.081663668509096e-21,
        0.9995442628860474,
        0.030187254771590233,
        0.12918353080749512,
        1.6942708698643913e-17,
        -0.030187254771590233,
        0.9995442628860474,
        -0.028836721554398537,
        0.0,
        0.0,
        0.0,
        1.0
    ],
    [
        0.99995356798172,
        -0.0002932276693172753,
        0.00963245052844286,
        0.04123779386281967,
        4.028008333989419e-06,
        0.9995496273040771,
        0.030009785667061806,
        0.1284758448600769,
        -0.009636911563575268,
        -0.030008353292942047,
        0.9995031952857971,
        -0.027288004755973816,
        0.0,
        0.0,
        0.0,
        1.0
    ],
    [
        0.9998164772987366,
        -0.0005731909768655896,
        0.019149763509631157,
        0.08202377706766129,
        8.007746146176942e-06,
        0.9995647668838501,
        0.029500897973775864,
        0.12636056542396545,
        -0.019158339127898216,
        -0.029495330527424812,
        0.9993813037872314,
        -0.025664491578936577,
        0.0,
        0.0,
        0.0,
        1.0
    ],
    [
        0.9995949864387512,
        -0.0008276643347926438,
        0.028445227071642876,
        0.12191108614206314,
        1.1894483577634674e-05,
        0.9995890259742737,
        0.02866683155298233,
        0.12286083400249481,
        -0.028457263484597206,
        -0.028654882684350014,
        0.9991841912269592,
        -0.02397063560783863,
        0.0,
        0.0,
        0.0,
        1.0
    ],
    [
        0.9992992877960205,
        -0.0010456049349159002,
        0.037415146827697754,
        0.16046270728111267,
        1.5644776794943027e-05,
        0.9996213316917419,
        0.02751760557293892,
        0.11801502853631973,
        -0.037429749965667725,
        -0.027497736737132072,
        0.9989208579063416,
        -0.02221107855439186,
        0.0,
        0.0,
        0.0,
        1.0
    ],
    [
        0.9989425539970398,
        -0.001217646524310112,
        0.04596015438437462,
        0.19725628197193146,
        1.9217030057916418e-05,
        0.9996601939201355,
        0.026066843420267105,
        0.1118762195110321,
        -0.04597627744078636,
        -0.0260383952409029,
        0.998603105545044,
        -0.020390640944242477,
        0.0,
        0.0,
        0.0,
        1.0
    ],
    [
        0.9985407590866089,
        -0.0013365071499720216,
        0.05398640036582947,
        0.23188866674900055,
        2.2571990484721027e-05,
        0.9997039437294006,
        0.02433154359459877,
        0.10451167076826096,
        -0.05400293692946434,
        -0.024294819682836533,
        0.9982451796531677,
        -0.01851431466639042,
        0.0,
        0.0,
        0.0,
        1.0
    ],
    [
        0.9981118440628052,
        -0.0013972942251712084,
        0.061406612396240234,
        0.2639804184436798,
        2.567319643276278e-05,
        0.9997506141662598,
        0.02233181521296501,
        0.09600207209587097,
        -0.061422500759363174,
        -0.022288072854280472,
        0.9978629946708679,
        -0.016587242484092712,
        0.0,
        0.0,
        0.0,
        1.0
    ],
    [
        0.9976747035980225,
        -0.0013976944610476494,
        0.06814099103212357,
        0.2931799590587616,
        2.8487360395956784e-05,
        0.9997981786727905,
        0.02009056694805622,
        0.08644065260887146,
        -0.06815531849861145,
        -0.02004190906882286,
        0.997473418712616,
        -0.014614704065024853,
        0.0,
        0.0,
        0.0,
        1.0
    ],
    [
        0.9972485899925232,
        -0.0013380441814661026,
        0.0741179883480072,
        0.3191673755645752,
        3.098466550000012e-05,
        0.9998445510864258,
        0.017633192241191864,
        0.07593216747045517,
        -0.07413005828857422,
        -0.017582381144165993,
        0.9970935583114624,
        -0.012602109462022781,
        0.0,
        0.0,
        0.0,
        1.0
    ],
    [
        0.9968520402908325,
        -0.0012212825240567327,
        0.07927488535642624,
        0.3416579067707062,
        3.3139011065941304e-05,
        0.9998877048492432,
        0.014987227506935596,
        0.06459175795316696,
        -0.07928428053855896,
        -0.014937421306967735,
        0.9967401027679443,
        -0.010554972104728222,
        0.0,
        0.0,
        0.0,
        1.0
    ],
    [
        0.9965023398399353,
        -0.001052791834808886,
        0.08355827629566193,
        0.3604051470756531,
        3.4928212699014693e-05,
        0.9999257922172546,
        0.012182008475065231,
        0.05254366993904114,
        -0.08356489986181259,
        -0.012136481702327728,
        0.9964284300804138,
        -0.008478905074298382,
        0.0,
        0.0,
        0.0,
        1.0
    ],
    [
        0.9962145686149597,
        -0.0008401395753026009,
        0.08692441135644913,
        0.3752037286758423,
        3.633410597103648e-05,
        0.9999572038650513,
        0.009248346090316772,
        0.0399198979139328,
        -0.08692846447229385,
        -0.009210178628563881,
        0.9961719512939453,
        -0.006379597820341587,
        0.0,
        0.0,
        0.0,
        1.0
    ],
    [
        0.9960010647773743,
        -0.0005927342572249472,
        0.08933943510055542,
        0.38589149713516235,
        3.734265192179009e-05,
        0.9999806880950928,
        0.0062181889079511166,
        0.026858758181333542,
        -0.08934138715267181,
        -0.006189986597746611,
        0.9959818124771118,
        -0.004262804519385099,
        0.0,
        0.0,
        0.0,
        1.0
    ],
    [
        0.9958709478378296,
        -0.0003214122843928635,
        0.09077951312065125,
        0.3923513889312744,
        3.794399162870832e-05,
        0.9999951124191284,
        0.003124310402199626,
        0.013503347523510456,
        -0.09078007936477661,
        -0.0031079654581844807,
        0.9958661198616028,
        -0.0021343273110687733,
        0.0,
        0.0,
        0.0,
        1.0
    ],
    [
        0.9958297610282898,
        -3.7973266444168985e-05,
        0.09123098105192184,
        0.3945125639438629,
        3.813246075878851e-05,
        1.0,
        -1.8652861477619354e-09,
        -9.685754420729609e-09,
        -0.09123098105192184,
        3.480719215076533e-06,
        0.9958297610282898,
        -4.99426673005019e-18,
        0.0,
        0.0,
        0.0,
        1.0
    ],
    [
        0.9958791136741638,
        0.00024531740928068757,
        0.09069031476974487,
        0.3923513889312744,
        3.7906607758486643e-05,
        0.9999951124191284,
        -0.003121244255453348,
        -0.013503366149961948,
        -0.09069064259529114,
        0.003111819503828883,
        0.9958742260932922,
        0.0021343273110687733,
        0.0,
        0.0,
        0.0,
        1.0
    ],
    [
        0.996016800403595,
        0.0005162412417121232,
        0.08916414529085159,
        0.38589149713516235,
        3.726919021573849e-05,
        0.9999807476997375,
        -0.0062059927731752396,
        -0.026858778670430183,
        -0.08916563540697098,
        0.006184596102684736,
        0.9959976077079773,
        0.004262804519385099,
        0.0,
        0.0,
        0.0,
        1.0
    ],
    [
        0.9962368607521057,
        0.0007631353801116347,
        0.0866691991686821,
        0.3752037286758423,
        3.622713848017156e-05,
        0.9999575018882751,
        -0.009221196174621582,
        -0.03991992026567459,
        -0.08667255192995071,
        0.009189635515213013,
        0.9961944818496704,
        0.006379597820341587,
        0.0,
        0.0,
        0.0,
        1.0
    ],
    [
        0.9965296983718872,
        0.0009753800695762038,
        0.08323220908641815,
        0.3604051470756531,
        3.479154111118987e-05,
        0.9999263882637024,
        -0.012134474702179432,
        -0.05254368856549263,
        -0.0832379162311554,
        0.012095259502530098,
        0.9964563250541687,
        0.008478905074298382,
        0.0,
        0.0,
        0.0,
        1.0
    ],
    [
        0.9968826770782471,
        0.0011438465444371104,
        0.07888972759246826,
        0.3416579067707062,
        3.2977557566482574e-05,
        0.9998887777328491,
        -0.014914414845407009,
        -0.06459178030490875,
        -0.07889801263809204,
        0.01487052347511053,
        0.9967717528343201,
        0.010554972104728222,
        0.0,
        0.0,
        0.0,
        1.0
    ],
    [
        0.9972805380821228,
        0.0012612880673259497,
        0.07368794083595276,
        0.3191673755645752,
        3.0804378184257075e-05,
        0.999846339225769,
        -0.017530884593725204,
        -0.07593218982219696,
        -0.0736987292766571,
        0.01748548075556755,
        0.9971272349357605,
        0.012602109462022781,
        0.0,
        0.0,
        0.0,
        1.0
    ],
    [
        0.9977060556411743,
        0.0013226576847955585,
        0.06768234819173813,
        0.2931799590587616,
        2.8295067750150338e-05,
        0.9998008608818054,
        -0.0199553444981575,
        -0.08644066751003265,
        -0.0676952600479126,
        0.01991148293018341,
        0.9975073337554932,
        0.014614704065024853,
        0.0,
        0.0,
        0.0,
        1.0
    ],
    [
        0.9981406927108765,
        0.0013253390789031982,
        0.06093735620379448,
        0.2639804184436798,
        2.5476438167970628e-05,
        0.9997544288635254,
        -0.02216116338968277,
        -0.09600208699703217,
        -0.06095176190137863,
        0.02212151139974594,
        0.9978955388069153,
        0.016587242484092712,
        0.0,
        0.0,
        0.0,
        1.0
    ],
    [
        0.998565673828125,
        0.0012692754389718175,
        0.05352577567100525,
        0.23188866674900055,
        2.2378833818947896e-05,
        0.9997089505195618,
        -0.024123944342136383,
        -0.10451168566942215,
        -0.05354081839323044,
        0.024090539664030075,
        0.9982750415802002,
        0.01851431466639042,
        0.0,
        0.0,
        0.0,
        1.0
    ],
    [
        0.99896240234375,
        0.0011569897178560495,
        0.045528147369623184,
        0.19725628197193146,
        1.903586417029146e-05,
        0.9996665716171265,
        -0.025821829214692116,
        -0.1118762344121933,
        -0.045542843639850616,
        0.02579590305685997,
        0.9986292719841003,
        0.020390640944242477,
        0.0,
        0.0,
        0.0,
        1.0
    ],
    [
        0.9993135929107666,
        0.000993490917608142,
        0.037031982094049454,
        0.16046270728111267,
        1.5484087271033786e-05,
        0.999629020690918,
        -0.02723580412566662,
        -0.11801504343748093,
        -0.037045303732156754,
        0.02721768245100975,
        0.9989428520202637,
        0.02221107855439186,
        0.0,
        0.0,
        0.0,
        1.0
    ],
    [
        0.9996039271354675,
        0.0007860654732212424,
        0.02813080884516239,
        0.12191108614206314,
        1.1762621397792827e-05,
        0.9995980858802795,
        -0.028349967673420906,
        -0.1228608563542366,
        -0.02814178727567196,
        0.028339069336652756,
        0.9992021322250366,
        0.02397063560783863,
        0.0,
        0.0,
        0.0,
        1.0
    ],
    [
        0.9998207688331604,
        0.0005439628730528057,
        0.018923135474324226,
        0.08202377706766129,
        7.912703040346969e-06,
        0.9995750188827515,
        -0.02915177308022976,
        -0.12636058032512665,
        -0.0189309511333704,
        0.029146697372198105,
        0.9993958473205566,
        0.025664491578936577,
        0.0,
        0.0,
        0.0,
        1.0
    ],
    [
        0.9999547004699707,
        0.00027798485825769603,
        0.009511260315775871,
        0.04123779386281967,
        3.977185770054348e-06,
        0.9995608925819397,
        -0.029632221907377243,
        -0.1284758746623993,
        -0.009515320882201195,
        0.02963091805577278,
        0.9995155930519104,
        0.027288004755973816,
        0.0,
        0.0,
        0.0,
        1.0
    ],
    [
        1.0,
        8.182420988537797e-19,
        2.784946392387613e-17,
        1.4901162526115286e-09,
        1.16454598304471e-20,
        0.999556303024292,
        -0.029786013066768646,
        -0.1291835457086563,
        -2.78614812038153e-17,
        0.029786013066768646,
        0.999556303024292,
        0.028836721554398537,
        0.0,
        0.0,
        0.0,
        1.0
    ],
    [
        0.9999548196792603,
        -0.00027759544900618494,
        -0.009504646062850952,
        -0.04123779013752937,
        -3.974418177676853e-06,
        0.9995614886283875,
        -0.02961161732673645,
        -0.1284758746623993,
        0.009508698247373104,
        0.029610317200422287,
        0.9995163083076477,
        0.03030639886856079,
        0.0,
        0.0,
        0.0,
        1.0
    ],
    [
        0.9998213052749634,
        -0.0005424421979114413,
        -0.01889687031507492,
        -0.08202376961708069,
        -7.901710887381341e-06,
        0.9995761513710022,
        -0.029111308977007866,
        -0.12636058032512665,
        0.018904652446508408,
        0.029106255620718002,
        0.9993975162506104,
        0.03169300779700279,
        0.0,
        0.0,
        0.0,
        1.0
    ],
    [
        0.9996055960655212,
        -0.0007827796507626772,
        -0.028072413057088852,
        -0.12191108614206314,
        -1.173818418465089e-05,
        0.9995997548103333,
        -0.028291117399930954,
        -0.1228608563542366,
        0.028083322569727898,
        0.028280287981033325,
        0.999205470085144,
        0.03299275040626526,
        0.0,
        0.0,
        0.0,
        1.0
    ],
    [
        0.9993173480033875,
        -0.0009879762073978782,
        -0.0369298942387104,
        -0.16046270728111267,
        -1.5441370123880915e-05,
        0.9996311068534851,
        -0.02716072089970112,
        -0.11801504343748093,
        0.03694310411810875,
        0.027142750099301338,
        0.9989486932754517,
        0.03420206159353256,
        0.0,
        0.0,
        0.0,
        1.0
    ],
    [
        0.9989694952964783,
        -0.001149001531302929,
        -0.045372042804956436,
        -0.19725628197193146,
        -1.8970551536767744e-05,
        0.9996688365936279,
        -0.02573329210281372,
        -0.1118762344121933,
        0.04538658633828163,
        0.025707634165883064,
        0.9986386895179749,
        0.03531762585043907,
        0.0,
        0.0,
        0.0,
        1.0
    ],
    [
        0.998577356338501,
        -0.0012588199460878968,
        -0.053306858986616135,
        -0.23188866674900055,
        -2.2287253159447573e-05,
        0.9997113347053528,
        -0.02402527816593647,
        -0.10451168566942215,
        0.0533217154443264,
        0.02399228885769844,
        0.9982891082763672,
        0.03633638843894005,
        0.0,
        0.0,
        0.0,
        1.0
    ],
    [
        0.99815833568573,
        -0.0013126851990818977,
        -0.0606486015021801,
        -0.2639804184436798,
        -2.535566090955399e-05,
        0.9997567534446716,
        -0.022056153044104576,
        -0.09600208699703217,
        0.060662802308797836,
        0.022017069160938263,
        0.9979154467582703,
        0.037255555391311646,
        0.0,
        0.0,
        0.0,
        1.0
    ],
    [
        0.9977306723594666,
        -0.0013083284720778465,
        -0.06731869280338287,
        -0.2931799590587616,
        -2.8142980227130465e-05,
        0.9998030066490173,
        -0.01984812505543232,
        -0.08644066751003265,
        0.06733139604330063,
        0.019804978743195534,
        0.9975340962409973,
        0.0380726084113121,
        0.0,
        0.0,
        0.0,
        1.0
    ],
    [
        0.9973130822181702,
        -0.0012460326543077826,
        -0.07324642688035965,
        -0.3191673457622528,
        -3.061975075979717e-05,
        0.9998481869697571,
        -0.017425846308469772,
        -0.07593218982219696,
        0.07325701415538788,
        0.017381267622113228,
        0.9971616268157959,
        0.03878530487418175,
        0.0,
        0.0,
        0.0,
        1.0
    ],
    [
        0.9969237446784973,
        -0.0011285943910479546,
        -0.07836957275867462,
        -0.3416579067707062,
        -3.276007919339463e-05,
        0.9998902082443237,
        -0.01481607835739851,
        -0.06459178030490875,
        0.07837769389152527,
        0.014773068018257618,
        0.9968142509460449,
        0.039391692727804184,
        0.0,
        0.0,
        0.0,
        1.0
    ],
    [
        0.9965794086456299,
        -0.0009611804853193462,
        -0.08263487368822098,
        -0.3604051470756531,
        -3.454181569395587e-05,
        0.9999274015426636,
        -0.012047388590872288,
        -0.05254368856549263,
        0.08264045417308807,
        0.012009033933281898,
        0.9965070486068726,
        0.0398901142179966,
        0.0,
        0.0,
        0.0,
        1.0
    ],
    [
        0.9962949752807617,
        -0.0007510870927944779,
        -0.08599832653999329,
        -0.3752037286758423,
        -3.594669760786928e-05,
        0.9999581575393677,
        -0.009149818681180477,
        -0.03991992026567459,
        0.08600160479545593,
        0.009119010530412197,
        0.996253252029419,
        0.04027919843792915,
        0.0,
        0.0,
        0.0,
        1.0
    ],
    [
        0.9960826635360718,
        -0.0005074161454103887,
        -0.08842552453279495,
        -0.38589149713516235,
        -3.696044586831704e-05,
        0.9999810457229614,
        -0.0061545828357338905,
        -0.026858778670430183,
        0.08842696994543076,
        0.006133741699159145,
        0.996063768863678,
        0.040557876229286194,
        0.0,
        0.0,
        0.0,
        1.0
    ],
    [
        0.9959515333175659,
        -0.0002406839485047385,
        -0.08989174664020538,
        -0.392351359128952,
        -3.757281956495717e-05,
        0.999995231628418,
        -0.0030937602277845144,
        -0.013503367081284523,
        0.08989205956459045,
        0.0030846125446259975,
        0.9959467649459839,
        0.04072539135813713,
        0.0,
        0.0,
        0.0,
        1.0
    ],
    [
        0.995907187461853,
        3.7622874515363947e-05,
        -0.09038214385509491,
        -0.3945125639438629,
        -3.7777663237648085e-05,
        1.0,
        -1.8654311428889514e-09,
        -9.762142205715918e-09,
        0.09038214385509491,
        3.4162837891926756e-06,
        0.995907187461853,
        0.040781281888484955,
        0.0,
        0.0,
        0.0,
        1.0
    ],
    [
        0.9959514737129211,
        0.00031552548171021044,
        -0.08989174664020538,
        -0.392351359128952,
        -3.757291779038496e-05,
        0.999995231628418,
        0.003093756502494216,
        0.013503347523510456,
        0.08989229053258896,
        -0.003077853936702013,
        0.9959467649459839,
        0.04072539135813713,
        0.0,
        0.0,
        0.0,
        1.0
    ],
    [
        0.996082603931427,
        0.0005810487200506032,
        -0.08842552453279495,
        -0.38589149713516235,
        -3.6960635043215007e-05,
        0.9999810457229614,
        0.006154579110443592,
        0.026858758181333542,
        0.08842742443084717,
        -0.006127201020717621,
        0.996063768863678,
        0.04055787995457649,
        0.0,
        0.0,
        0.0,
        1.0
    ],
    [
        0.9962949156761169,
        0.0008227170328609645,
        -0.08599832653999329,
        -0.3752037286758423,
        -3.5946970456279814e-05,
        0.9999581575393677,
        0.009149814955890179,
        0.0399198979139328,
        0.08600226044654846,
        -0.009112822823226452,
        0.996253252029419,
        0.04027919843792915,
        0.0,
        0.0,
        0.0,
        1.0
    ],
    [
        0.9965793490409851,
        0.001030032872222364,
        -0.08263487368822098,
        -0.3604051470756531,
        -3.454216130194254e-05,
        0.9999274015426636,
        0.01204738486558199,
        0.05254366993904114,
        0.08264128118753433,
        -0.012003320269286633,
        0.9965070486068726,
        0.0398901142179966,
        0.0,
        0.0,
        0.0,
        1.0
    ],
    [
        0.9969236850738525,
        0.00119392026681453,
        -0.07836957275867462,
        -0.3416579067707062,
        -3.276048300904222e-05,
        0.9998902082443237,
        0.014816074632108212,
